  1  <@1025165997923110974>     88   +1011.9    +11.5   2.01
  2  <@228274365089841162>     110    +619.2     +5.6   2.19
  3  <@1283939192690442293>     71    +529.9     +7.5   2.17
  4  <@368907061339095042>      93    +484.2     +5.2   2.33
  5  <@645613753114558474>      51    +295.4     +5.8   2.25
  6  <@576031405037977600>      63    +292.6     +4.6   2.29
  7  <@629128689711579167>      41    +256.0     +6.2   2.22
  8  <@251814218846699521>      69    +211.0     +3.1   2.33
  9  <@518263829537226776>      12    +172.7    +14.4   1.92
 10  <@403970516727103488>      62    +168.0     +2.7   2.34
 11  <@239550495780372480>      18    +161.7     +9.0   2.11
 12  <@357663900180676610>      10     +89.6     +9.0   2.00
 13  <@464920387545858069>      40     +75.8     +1.9   2.35
 14  <@745085127528546476>      66     +69.3     +1.1   2.33
 15  <@1146936730239381675>     21     +54.3     +2.6   2.38
 16  <@272215899438710784>       5     +51.6    +10.3   1.80
 17  <@744744425195831457>       3     +48.3    +16.1   2.00
 18  <@347914470657359872>      10     +47.3     +4.7   2.10
 19  <@169255209325821953>       7     +41.9     +6.0   2.14
 20  <@468076063952732160>       2     +39.6    +19.8   2.50
 21  <@562385036188319774>      18     +29.9     +1.7   2.61
 22  <@210789951728517120>      10     +28.6     +2.9   2.20
 23  <@1155896342426689647>     17     +28.1     +1.7   2.47
 24  <@598179182857420815>       3     +26.7     +8.9   2.33
 25  <@222178684818292736>       1     +20.2    +20.2   1.00
 26  <@235241036388106241>       5     +19.4     +3.9   2.20
 27  <@311304714555883531>      50     +17.5     +0.3   2.50
 28  <@429816950382919690>       1     +17.1    +17.1   1.00
 29  <@296791540616134657>       2     +14.2     +7.1   2.00
 30  <@969746030524502118>       4     +11.7     +2.9   2.25
 31  <@433050501786107920>       3     +11.4     +3.8   2.00
 32  <@459175013707284499>       1     +11.1    +11.1   2.00
 33  <@350803633572413442>       2     +11.0     +5.5   2.00
 34  <@288867245046759425>       1     +10.3    +10.3   2.00
 35  <@403875453062086657>       2      +8.8     +4.4   2.00
 36  <@332840644299063296>       5      +6.5     +1.3   2.40
 37  <@765296255223726110>       2      +3.9     +1.9   2.50
 38  <@372123318167273502>      10      +2.9     +0.3   2.50
 39  <@670743923920076800>       1      +2.9     +2.9   2.00
 40  <@376857210485080064>       3      +2.1     +0.7   2.00
 41  <@365903673966198814>       1      -8.0     -8.0   3.00
 42  <@314482064143417354>       1      -8.4     -8.4   3.00
 43  <@338136869579522059>       1      -9.2     -9.2   3.00
 44  <@204703473260822540>       1     -11.0    -11.0   3.00
 45  <@767446010753449984>       1     -13.0    -13.0   2.00
 46  <@1267504020847853639>      5     -13.1     -2.6   2.60
 47  <@1080151305751896114>      4     -13.2     -3.3   2.75
 48  <@258716099971907597>      20     -14.7     -0.7   2.55
 49  <@286613756098904065>      19     -15.9     -0.8   2.53
 50  <@962425867622039652>       1     -19.8    -19.8   4.00
 51  <@493151251945488414>       1     -22.0    -22.0   3.00
 52  <@518136742583336960>       9     -22.5     -2.5   2.56
 53  <@915303073822433290>       1     -25.0    -25.0   4.00
 54  <@475116187450081281>       4     -25.2     -6.3   2.75
 55  <@1279204844917493808>      1     -25.3    -25.3   3.00
 56  <@925994624584130660>       1     -25.5    -25.5   4.00
 57  <@454762252332171264>       1     -26.2    -26.2   4.00
 58  <@237750314290118656>       1     -27.6    -27.6   4.00
 59  <@425745340214542336>       1     -28.9    -28.9   4.00
 60  <@997067415009636352>      23     -32.5     -1.4   2.61
 61  <@206259387835219970>       1     -37.4    -37.4   4.00
 62  <@479862617477873684>       1     -40.8    -40.8   4.00

 63  <@230840628467073025>       2     -42.2    -21.1   3.00
 64  <@449771189817049088>       5     -42.5     -8.5   2.80
 65  <@734301583008989184>       2     -43.3    -21.6   3.50
 66  <@667926181089378304>      12     -45.0     -3.8   2.67
 67  <@1153558911819976705>      7     -45.0     -6.4   2.71
 68  <@364950761333063680>       1     -45.1    -45.1   4.00
 69  <@1079793924857671751>      1     -47.4    -47.4   4.00
 70  <@718918047804686370>       1     -49.8    -49.8   4.00
 71  <@719885824166068226>       6     -50.0     -8.3   2.83
 72  <@645434212639571971>       5     -52.1    -10.4   2.80
 73  <@1123543559816105996>      9     -55.1     -6.1   2.67
 74  <@460861220791255040>       6     -55.2     -9.2   2.83
 75  <@535938996325449747>       2     -55.3    -27.6   3.50
 76  <@681677002721591338>      10     -57.7     -5.8   2.50
 77  <@721190517383233536>       6     -57.8     -9.6   3.00
 78  <@1399437067380850881>      2     -64.8    -32.4   4.00
 79  <@762472529947262977>       4     -65.9    -16.5   3.25
 80  <@817798300907470878>       4     -68.8    -17.2   3.25
 81  <@615005595312848941>      22     -69.9     -3.2   2.68
 82  <@226534444637356032>       4     -77.3    -19.3   3.50
 83  <@359780582307135491>       6     -79.2    -13.2   3.00
 84  <@1016488492655718460>      9     -79.3     -8.8   2.89
 85  <@442900102655246339>       5     -79.9    -16.0   2.80
 86  <@716676381399973919>       4     -93.0    -23.3   3.25
 87  <@511745993029451776>       4     -93.5    -23.4   3.25
 88  <@627298856195063822>      11     -94.5     -8.6   2.91
 89  <@1204433717863391322>      3     -94.9    -31.6   3.67
 90  <@1441871915449848011>     54    -101.7     -1.9   2.61
 91  <@920778148340174908>       4    -112.2    -28.1   3.75
 92  <@1412221292488294410>     22    -126.8     -5.8   2.73
 93  <@204630543420227584>       3    -128.4    -42.8   4.00

 94  <@1102379478900027553>     24    -139.6     -5.8   2.42
 95  <@377485984721403914>      56    -142.7     -2.5   2.57
 96  <@255112104472739842>      45    -146.7     -3.3   2.60
 97  <@927056452189839422>      11    -148.2    -13.5   3.18
 98  <@808020338172100649>      21    -151.4     -7.2   2.76
 99  <@270234969744343041>      13    -152.9    -11.8   3.00
100  <@719898392180031552>      30    -174.2     -5.8   2.67
101  <@1418258248901066815>     18    -208.4    -11.6   2.83
102  <@259487411728285696>      60    -253.2     -4.2   2.65
103  <@1165813610019299378>     92    -267.5     -2.9   2.59
104  <@347744983639523328>      53    -328.4     -6.2   2.70
105  <@379725014024454144>      27    -349.1    -12.9   3.00
106  <@1279938564381085787>     57    -361.3     -6.3   2.72
107  <@1171839820839002183>     48    -372.4     -7.8   2.83
108  <@210729517365461002>      51    -375.3     -7.4   2.73
109  <@1165671070850883706>     44    -392.7     -8.9   2.89