 #  player                    rank          pts   g  avgAdj  avgPl   oppAvg
  1  <@1025165997923110974>    Celestial   1759.2   87    +11.8   2.00     -0.8
  2  <@368907061339095042>     Saint       1148.8   92     +4.8   2.35     +0.0
  3  <@228274365089841162>     Saint       1087.7  110     +5.6   2.19     +0.5
  4  <@1283939192690442293>    Saint       1018.8   71     +7.5   2.17     +0.4
  5  <@645613753114558474>     Master       919.4   51     +5.8   2.25     +0.5
  6  <@629128689711579167>     Master       849.8   41     +6.2   2.22     -0.7
  7  <@576031405037977600>     Master       809.9   63     +4.6   2.29     +0.2
  8  <@251814218846699521>     Master       687.8   68     +2.7   2.35     +0.3
  9  <@403970516727103488>     Master       667.9   62     +2.7   2.34     +0.3
 10  <@745085127528546476>     Master       621.3   65     +1.0   2.34     +0.1
 11  <@1165813610019299378>    Expert       530.7   91     -2.8   2.58     +0.2
 12  <@311304714555883531>     Expert       483.6   50     +0.3   2.50     -0.2
 13  <@464920387545858069>     Expert       385.9   40     +1.9   2.35     +0.4
 14  <@259487411728285696>     Expert       361.0   60     -4.2   2.65     -0.0
 15  <@377485984721403914>     Expert       354.8   56     -2.5   2.57     +0.2
 16  <@255112104472739842>     Expert       333.9   45     -3.3   2.60     -0.3
 17  <@239550495780372480>     Expert       323.8   18     +9.0   2.11     +0.6
 18  <@518263829537226776>     Expert       302.7   12    +14.4   1.92     -0.9
 19  <@1279938564381085787>    Expert       300.0   57     -6.3   2.72     +0.5
 20  <@1441871915449848011>    Expert       300.0   54     -1.9   2.61     +1.4
 21  <@347744983639523328>     Expert       300.0   52     -5.6   2.67     +0.7
 22  <@258716099971907597>     Expert       300.0   19     -1.4   2.58     -0.1
 23  <@1146936730239381675>    Adept        211.4   21     +2.6   2.38     +1.3
 24  <@1155896342426689647>    Adept        209.5   17     +1.7   2.47     -2.1
 25  <@562385036188319774>     Adept        198.1   18     +1.7   2.61     -2.0
 26  <@372123318167273502>     Adept        195.8   10     +0.3   2.50     +0.4
 27  <@615005595312848941>     Adept        180.0   22     -3.2   2.68     -0.0
 28  <@357663900180676610>     Adept        179.6   10     +9.0   2.00     -0.7
 29  <@347914470657359872>     Adept        179.3   10     +4.7   2.10     +0.3
 30  <@210729517365461002>     Adept        168.6   51     -7.4   2.73     -0.8
 31  <@1171839820839002183>    Adept        164.2   46     -6.9   2.80     +0.3
 32  <@997067415009636352>     Adept        160.8   23     -1.4   2.61     -1.5
 33  <@169255209325821953>     Adept        149.4    6    +11.4   1.83     -1.4
 34  <@286613756098904065>     Adept        148.6   19     -0.8   2.53     +0.4
 35  <@1412221292488294410>    Adept        131.4   22     -5.8   2.73     +1.3
 36  <@272215899438710784>     Adept        125.3    5    +10.3   1.80     -1.6
 37  <@210789951728517120>     Adept        108.6   10     +2.9   2.20     +0.5
 38  <@1165671070850883706>    Adept        100.0   44     -8.9   2.89     +0.2
 39  <@719898392180031552>     Adept        100.0   30     -5.8   2.67     -1.1
 40  <@1102379478900027553>    Adept        100.0   22     -7.3   2.50     +0.4
 41  <@518136742583336960>     Adept        100.0    9     -2.5   2.56     -2.2
 42  <@235241036388106241>     Adept        100.0    5     +3.9   2.20     -1.9
 43  <@744744425195831457>     Adept        100.0    3    +16.1   2.00     -0.0
 44  <@627298856195063822>     Novice        89.0   11     -8.6   2.91     -0.3
 45  <@468076063952732160>     Novice        88.2    2    +19.8   2.50     -0.1
 46  <@667926181089378304>     Novice        88.1   12     -3.8   2.67     -0.7
 47  <@1016488492655718460>    Novice        84.5    9     -8.8   2.89     +0.1
 48  <@598179182857420815>     Novice        78.3    3     +8.9   2.33     -1.5
 49  <@765296255223726110>     Novice        64.3    2     +1.9   2.50     +1.2
 50  <@1267504020847853639>    Novice        57.9    5     -2.6   2.60     -1.3
 51  <@1123543559816105996>    Novice        55.3    9     -6.1   2.67     -0.4
 52  <@1418258248901066815>    Novice        48.8   18    -11.6   2.83     -0.6
 53  <@1153558911819976705>    Novice        44.7    7     -6.4   2.71     -1.9
 54  <@376857210485080064>     Novice        44.7    3     +0.7   2.00     -1.0
 55  <@332840644299063296>     Novice        44.6    5     +1.3   2.40     +1.3
 56  <@442900102655246339>     Novice        42.4    5    -16.0   2.80     +2.8
 57  <@969746030524502118>     Novice        41.7    4     +2.9   2.25     -0.2
 58  <@433050501786107920>     Novice        41.4    3     +3.8   2.00     +0.8
 59  <@403875453062086657>     Novice        41.4    2     +4.4   2.00     -0.7
 60  <@222178684818292736>     Novice        40.2    1    +20.2   1.00     +0.8
 61  <@379725014024454144>     Novice        37.9   27    -12.9   3.00     -0.5
 62  <@429816950382919690>     Novice        37.1    1    +17.1   1.00     -0.7
 63  <@296791540616134657>     Novice        34.2    2     +7.1   2.00     +1.5
 64  <@350803633572413442>     Novice        31.0    2     +5.5   2.00     +2.1
 65  <@681677002721591338>     Novice        30.6   10     -5.8   2.50     -0.8
 66  <@449771189817049088>     Novice        30.4    5     -8.5   2.80     -0.1
 67  <@226534444637356032>     Novice        26.4    4    -19.3   3.50     +0.2
 68  <@719885824166068226>     Novice        24.9    6     -8.3   2.83     -2.2
 69  <@359780582307135491>     Novice        23.4    6    -13.2   3.00     -2.1
 70  <@645434212639571971>     Novice        23.1    5    -10.4   2.80     +0.6
 71  <@1080151305751896114>    Novice        22.6    4     -3.3   2.75     -0.6
 72  <@459175013707284499>     Novice        21.1    1    +11.1   2.00     -0.8
 73  <@288867245046759425>     Novice        20.3    1    +10.3   2.00     -0.6
 74  <@670743923920076800>     Novice        12.9    1     +2.9   2.00     +2.4
 75  <@511745993029451776>     Novice         2.0    4    -23.4   3.25     -0.7
 76  <@808020338172100649>     Novice         0.0   21     -7.2   2.76     -0.7
 77  <@270234969744343041>     Novice         0.0   13    -11.8   3.00     -1.0
 78  <@927056452189839422>     Novice         0.0   11    -13.5   3.18     +0.5
 79  <@721190517383233536>     Novice         0.0    6     -9.6   3.00     -0.0
 80  <@460861220791255040>     Novice         0.0    6     -9.2   2.83     -0.3
 81  <@716676381399973919>     Novice         0.0    4    -23.3   3.25     -0.7
 82  <@762472529947262977>     Novice         0.0    4    -16.5   3.25     -1.1
 83  <@817798300907470878>     Novice         0.0    4    -17.2   3.25     -0.1
 84  <@920778148340174908>     Novice         0.0    4    -28.1   3.75     -2.1
 85  <@475116187450081281>     Novice         0.0    4     -6.3   2.75     -0.6
 86  <@204630543420227584>     Novice         0.0    3    -42.8   4.00     -0.4
 87  <@1204433717863391322>    Novice         0.0    3    -31.6   3.67     +1.8
 88  <@734301583008989184>     Novice         0.0    2    -21.6   3.50     -0.9
 89  <@230840628467073025>     Novice         0.0    2    -21.1   3.00     -2.0
 90  <@1399437067380850881>    Novice         0.0    2    -32.4   4.00     -2.2
 91  <@535938996325449747>     Novice         0.0    2    -27.6   3.50     +1.8
 92  <@493151251945488414>     Novice         0.0    1    -22.0   3.00     +0.3
 93  <@204703473260822540>     Novice         0.0    1    -11.0   3.00     -0.6
 94  <@1279204844917493808>    Novice         0.0    1    -25.3   3.00     +1.6
 95  <@718918047804686370>     Novice         0.0    1    -49.8   4.00     +1.6
 96  <@425745340214542336>     Novice         0.0    1    -28.9   4.00     -1.5
 97  <@365903673966198814>     Novice         0.0    1     -8.0   3.00     +2.3
 98  <@338136869579522059>     Novice         0.0    1     -9.2   3.00     -0.6
 99  <@206259387835219970>     Novice         0.0    1    -37.4   4.00     -2.3
100  <@314482064143417354>     Novice         0.0    1     -8.4   3.00     -1.4
101  <@925994624584130660>     Novice         0.0    1    -25.5   4.00     -1.1
102  <@1079793924857671751>    Novice         0.0    1    -47.4   4.00     -0.4
103  <@915303073822433290>     Novice         0.0    1    -25.0   4.00     -4.7
104  <@237750314290118656>     Novice         0.0    1    -27.6   4.00     +1.8
105  <@364950761333063680>     Novice         0.0    1    -45.1   4.00     +2.0
106  <@962425867622039652>     Novice         0.0    1    -19.8   4.00     +1.6
107  <@454762252332171264>     Novice         0.0    1    -26.2   4.00     -1.4
108  <@767446010753449984>     Novice         0.0    1    -13.0   2.00     -0.2
109  <@479862617477873684>     Novice         0.0    1    -40.8   4.00     -0.2

